Initial Metadata Matrix Size: Rows 654  Columns 9
Initial Data Matrix Size: Rows 654  Columns 290

Initial Data Count: 290
Initial Metadata Count: 9
Data Count after preprocess: 290
Removed for missing metadata: 0
Removed for missing data: 0
Number of data with outliers: 103
Number of metadata with outliers: 0
Metadata count which survived clean: 9
Data count which survived clean: 128

Boostings: 128
Boosting Errors: 0
LMs with no terms suriving boosting: 0
LMs performed: 128
No custom preprocess QC data.

#Details###########################

Initial Data Count: 
  [1]  10  11  12  13  14  15  16  17  18  19  20  21  22  23  24  25  26
 [18]  27  28  29  30  31  32  33  34  35  36  37  38  39  40  41  42  43
 [35]  44  45  46  47  48  49  50  51  52  53  54  55  56  57  58  59  60
 [52]  61  62  63  64  65  66  67  68  69  70  71  72  73  74  75  76  77
 [69]  78  79  80  81  82  83  84  85  86  87  88  89  90  91  92  93  94
 [86]  95  96  97  98  99 100 101 102 103 104 105 106 107 108 109 110 111
[103] 112 113 114 115 116 117 118 119 120 121 122 123 124 125 126 127 128
[120] 129 130 131 132 133 134 135 136 137 138 139 140 141 142 143 144 145
[137] 146 147 148 149 150 151 152 153 154 155 156 157 158 159 160 161 162
[154] 163 164 165 166 167 168 169 170 171 172 173 174 175 176 177 178 179
[171] 180 181 182 183 184 185 186 187 188 189 190 191 192 193 194 195 196
[188] 197 198 199 200 201 202 203 204 205 206 207 208 209 210 211 212 213
[205] 214 215 216 217 218 219 220 221 222 223 224 225 226 227 228 229 230
[222] 231 232 233 234 235 236 237 238 239 240 241 242 243 244 245 246 247
[239] 248 249 250 251 252 253 254 255 256 257 258 259 260 261 262 263 264
[256] 265 266 267 268 269 270 271 272 273 274 275 276 277 278 279 280 281
[273] 282 283 284 285 286 287 288 289 290 291 292 293 294 295 296 297 298
[290] 299

Initial Metadata Count: 
[1] 1 2 3 4 5 6 7 8 9

Data Count after preprocess: 
  [1]  10  11  12  13  14  15  16  17  18  19  20  21  22  23  24  25  26
 [18]  27  28  29  30  31  32  33  34  35  36  37  38  39  40  41  42  43
 [35]  44  45  46  47  48  49  50  51  52  53  54  55  56  57  58  59  60
 [52]  61  62  63  64  65  66  67  68  69  70  71  72  73  74  75  76  77
 [69]  78  79  80  81  82  83  84  85  86  87  88  89  90  91  92  93  94
 [86]  95  96  97  98  99 100 101 102 103 104 105 106 107 108 109 110 111
[103] 112 113 114 115 116 117 118 119 120 121 122 123 124 125 126 127 128
[120] 129 130 131 132 133 134 135 136 137 138 139 140 141 142 143 144 145
[137] 146 147 148 149 150 151 152 153 154 155 156 157 158 159 160 161 162
[154] 163 164 165 166 167 168 169 170 171 172 173 174 175 176 177 178 179
[171] 180 181 182 183 184 185 186 187 188 189 190 191 192 193 194 195 196
[188] 197 198 199 200 201 202 203 204 205 206 207 208 209 210 211 212 213
[205] 214 215 216 217 218 219 220 221 222 223 224 225 226 227 228 229 230
[222] 231 232 233 234 235 236 237 238 239 240 241 242 243 244 245 246 247
[239] 248 249 250 251 252 253 254 255 256 257 258 259 260 261 262 263 264
[256] 265 266 267 268 269 270 271 272 273 274 275 276 277 278 279 280 281
[273] 282 283 284 285 286 287 288 289 290 291 292 293 294 295 296 297 298
[290] 299

Removed for missing metadata: 
NULL

Removed for missing data: 
NULL

Detailed outlier indices: 
Feature 11 Outlier indice(s): 281
Feature 12 Outlier indice(s): 281,553
Feature 13 Outlier indice(s): 24,95,120,162,240,281,347,359,375,391,422,496,553,559,572,606,610,634
Feature 16 Outlier indice(s): 266,281
Feature 17 Outlier indice(s): 180,281,617
Feature 18 Outlier indice(s): 281,553
Feature 20 Outlier indice(s): 92,93,95,134,172,195,262,266,267,286,329,338,375,385,398,401,473,487,518,519,527,534,539,542,568,569,570,571,579,583,587,594,609,634,642
Feature 24 Outlier indice(s): 281,353,362,553
Feature 28 Outlier indice(s): 281,553
Feature 29 Outlier indice(s): 265,281,378,553
Feature 35 Outlier indice(s): 308,441
Feature 40 Outlier indice(s): 45,66,90,93,95,115,128,148,211,230,251,263,269,281,299,336,339,353,361,368,382,383,386,401,471,495,499,510,514,518,534,537,543,553,563,571,573,587,604,605,607,612,618,620,621,622
Feature 41 Outlier indice(s): 362
Feature 47 Outlier indice(s): 240,281,388,504,555,630
Feature 50 Outlier indice(s): 553
Feature 52 Outlier indice(s): 281,415,553,606
Feature 53 Outlier indice(s): 28,38,92,93,102,103,128,204,256,263,302,335,382,396,398,401,487,494,499,509,510,517,518,519,524,534,571,583,588,604,614,620,634,642,644
Feature 57 Outlier indice(s): 281,553
Feature 63 Outlier indice(s): 161,174,281,362,386,395,520,553
Feature 64 Outlier indice(s): 95,281,401,405,471
Feature 65 Outlier indice(s): 281,553
Feature 66 Outlier indice(s): 281,349,362,553
Feature 67 Outlier indice(s): 281
Feature 72 Outlier indice(s): 281,553
Feature 74 Outlier indice(s): 281
Feature 76 Outlier indice(s): 60,197,262,263,281,473,509,524,594,610,646
Feature 82 Outlier indice(s): 133,151,160,162,170,184,196,206,213,249,279,281,283,360,363,374,387,391,394,430,496,553,582,584,591,592,603,606,611,646
Feature 83 Outlier indice(s): 240,281,350,504,553,555
Feature 84 Outlier indice(s): 281,553
Feature 86 Outlier indice(s): 27,73,102,154,195,233,281,348,359,371,387,393,457,527,542,553,554,579,581,588,590,605,608,617,640
Feature 96 Outlier indice(s): 392
Feature 97 Outlier indice(s): 422,608
Feature 98 Outlier indice(s): 281,553
Feature 101 Outlier indice(s): 66,148,281,553
Feature 107 Outlier indice(s): 5,9,17,19,22,24,25,26,27,28,36,51,74,79,82,90,92,102,105,107,129,130,142,163,182,200,203,204,215,216,217,223,224,225,226,228,231,233,245,253,270,274,291,292,297,300,302,307,308,309,313,314,316,402,410,411,412,414,417,425,426,427,432,434,436,441,442,452,453,463,476,480,481,485,487,488,494,550,552,596
Feature 113 Outlier indice(s): 135,161,166,174,281,346,362,392,395,397,415,520,581,606,638
Feature 114 Outlier indice(s): 281
Feature 124 Outlier indice(s): 281,553,646
Feature 128 Outlier indice(s): 281
Feature 133 Outlier indice(s): 66,134,147,161,174,195,281,333,342,362,364,380,386,393,395,398,422,465,499,503,510,515,518,520,553,568,570,594,601,608,610,612,624,634,640,641,642
Feature 134 Outlier indice(s): 281,553
Feature 143 Outlier indice(s): 281
Feature 144 Outlier indice(s): 66,281,553
Feature 147 Outlier indice(s): 26,281
Feature 148 Outlier indice(s): 265,281,553
Feature 149 Outlier indice(s): 281
Feature 150 Outlier indice(s): 281
Feature 155 Outlier indice(s): 174,240,281,350,353,504,553
Feature 156 Outlier indice(s): 281,553
Feature 157 Outlier indice(s): 281,553
Feature 161 Outlier indice(s): 62,90,148,161,174,252,256,258,261,262,265,267,269,328,329,331,332,333,338,342,343,346,348,349,350,353,354,356,358,359,362,365,366,368,375,377,385,386,387,392,393,397,440,450,456,464,465,474,495,497,500,506,507,508,509,510,511,515,518,534,543,555,559,587,607,608,609,612,620,625,631,633,635,638,641,643,644
Feature 165 Outlier indice(s): 89,95,145,240,281,350,362,365,504,520,553
Feature 166 Outlier indice(s): 240,281,553
Feature 170 Outlier indice(s): 95,145,161,172,240,281,333,362,375,504,553,586
Feature 172 Outlier indice(s): 281
Feature 173 Outlier indice(s): 281,362,553
Feature 174 Outlier indice(s): 47,133,173,175,252,256,267,281,327,332,334,336,339,354,363,376,378,379,381,383,392,399,413,496,502,509,553,559,564,572,606
Feature 175 Outlier indice(s): 66,90,148,281,336,361,499,514,543,553,604
Feature 178 Outlier indice(s): 281,367,553
Feature 179 Outlier indice(s): 95,161,174,281,334,364,367,376,386,391,395,496,520,553,631
Feature 184 Outlier indice(s): 45,66,70,90,93,95,115,128,148,211,230,251,263,267,269,281,299,336,339,353,360,361,368,378,379,382,383,386,390,401,471,495,499,510,514,515,518,534,537,542,543,553,559,563,571,573,587,604,605,607,612,618,620,621,622
Feature 186 Outlier indice(s): 281
Feature 188 Outlier indice(s): 281,553
Feature 192 Outlier indice(s): 1,7,14,18,21,54,81,85,111,113,117,121,122,130,273,278,281,299,310,317,415,418,429,479,553,643
Feature 197 Outlier indice(s): 281,553
Feature 199 Outlier indice(s): 161,174,338,343,368,397,520,555
Feature 200 Outlier indice(s): 91,195,393,527,579,608,609,640
Feature 201 Outlier indice(s): 281
Feature 204 Outlier indice(s): 281,553,606
Feature 207 Outlier indice(s): 161,174,281,362,364,395,520,553
Feature 209 Outlier indice(s): 281,553
Feature 210 Outlier indice(s): 281,553
Feature 211 Outlier indice(s): 281,553
Feature 219 Outlier indice(s): 39,45,90,93,95,115,128,148,211,230,239,251,263,267,269,281,299,336,339,360,361,368,378,379,382,383,386,390,401,441,456,471,495,499,510,514,515,518,519,534,537,542,543,553,563,571,573,587,604,607,612,620,621,622
Feature 222 Outlier indice(s): 66,93,148,281,361,499,514,543,553,604
Feature 227 Outlier indice(s): 281
Feature 231 Outlier indice(s): 39,45,66,70,90,93,95,98,115,128,148,211,230,251,252,262,263,267,269,278,281,299,331,336,339,352,353,360,361,368,378,379,382,383,386,387,390,401,422,441,456,471,495,499,510,514,515,518,519,534,537,542,543,553,559,563,571,573,587,590,604,605,607,612,618,620,621,622,625
Feature 232 Outlier indice(s): 281,286
Feature 234 Outlier indice(s): 66,148,281,553
Feature 235 Outlier indice(s): 26,281,353,553
Feature 238 Outlier indice(s): 281,553
Feature 240 Outlier indice(s): 281
Feature 243 Outlier indice(s): 380
Feature 245 Outlier indice(s): 281,553
Feature 246 Outlier indice(s): 281,405,553
Feature 250 Outlier indice(s): 67,134,197,286,422,473,487,499,510,517,568,570,571,594,614
Feature 252 Outlier indice(s): 36,68,242,281,300,338,383,397,496,555,581
Feature 253 Outlier indice(s): 240,504
Feature 255 Outlier indice(s): 281,553
Feature 258 Outlier indice(s): 281
Feature 259 Outlier indice(s): 281,415,553
Feature 262 Outlier indice(s): 281,553
Feature 263 Outlier indice(s): 25,79,102,107,148,216,223,233,258,291,302,314,333,343,368,377,386,412,485
Feature 265 Outlier indice(s): 281,553
Feature 269 Outlier indice(s): 281,553
Feature 270 Outlier indice(s): 281,553
Feature 276 Outlier indice(s): 143,147,243,322,332,358,368,465,467,503,515,574,612,641
Feature 277 Outlier indice(s): 281,362,499,553,604,614
Feature 287 Outlier indice(s): 60,281,286,422,499,509,553,604,614
Feature 288 Outlier indice(s): 26,265,281,378,553
Feature 290 Outlier indice(s): 281,553,604
Feature 292 Outlier indice(s): 387,424,617
Feature 297 Outlier indice(s): 17,37,38,46,62,67,76,89,91,92,93,128,134,168,179,195,197,263,264,290,331,337,346,385,398,401,404,419,422,486,487,499,506,517,519,522,524,527,534,542,566,568,569,571,579,583,588,594,604,633,634,636,639,640,642,643,644

Metadata which survived clean: 
[1] 1 2 3 4 5 6 7 8 9

Data which survived clean: 
  [1]  11  12  13  16  17  18  20  24  28  29  30  31  32  33  35  38  40
 [18]  41  47  48  50  52  53  57  63  64  65  66  67  72  74  76  80  82
 [35]  83  84  86  93  94  95  96  97  98  99 101 105 106 107 113 114 124
 [52] 128 129 133 134 142 143 144 146 147 148 149 150 154 155 156 157 161
 [69] 164 165 166 170 171 172 173 174 175 178 179 183 184 186 188 192 197
 [86] 199 200 201 204 205 207 209 210 211 215 219 222 227 231 232 234 235
[103] 238 240 242 243 245 246 250 252 253 255 258 259 262 263 265 268 269
[120] 270 276 277 287 288 290 292 296 297
