Initial Metadata Matrix Size: Rows 518  Columns 10
Initial Data Matrix Size: Rows 518  Columns 217

Initial Data Count: 217
Initial Metadata Count: 10
Data Count after preprocess: 217
Removed for missing metadata: 0
Removed for missing data: 60
Number of data with outliers: 45
Number of metadata with outliers: 0
Metadata count which survived clean: 10
Data count which survived clean: 80

Boostings: 80
Boosting Errors: 0
LMs with no terms suriving boosting: 0
LMs performed: 80
No custom preprocess QC data.

#Details###########################

Initial Data Count: 
  [1]  11  12  13  14  15  16  17  18  19  20  21  22  23  24  25  26  27  28  29  30
 [21]  31  32  33  34  35  36  37  38  39  40  41  42  43  44  45  46  47  48  49  50
 [41]  51  52  53  54  55  56  57  58  59  60  61  62  63  64  65  66  67  68  69  70
 [61]  71  72  73  74  75  76  77  78  79  80  81  82  83  84  85  86  87  88  89  90
 [81]  91  92  93  94  95  96  97  98  99 100 101 102 103 104 105 106 107 108 109 110
[101] 111 112 113 114 115 116 117 118 119 120 121 122 123 124 125 126 127 128 129 130
[121] 131 132 133 134 135 136 137 138 139 140 141 142 143 144 145 146 147 148 149 150
[141] 151 152 153 154 155 156 157 158 159 160 161 162 163 164 165 166 167 168 169 170
[161] 171 172 173 174 175 176 177 178 179 180 181 182 183 184 185 186 187 188 189 190
[181] 191 192 193 194 195 196 197 198 199 200 201 202 203 204 205 206 207 208 209 210
[201] 211 212 213 214 215 216 217 218 219 220 221 222 223 224 225 226 227

Initial Metadata Count: 
 [1]  1  2  3  4  5  6  7  8  9 10

Data Count after preprocess: 
  [1]  11  12  13  14  15  16  17  18  19  20  21  22  23  24  25  26  27  28  29  30
 [21]  31  32  33  34  35  36  37  38  39  40  41  42  43  44  45  46  47  48  49  50
 [41]  51  52  53  54  55  56  57  58  59  60  61  62  63  64  65  66  67  68  69  70
 [61]  71  72  73  74  75  76  77  78  79  80  81  82  83  84  85  86  87  88  89  90
 [81]  91  92  93  94  95  96  97  98  99 100 101 102 103 104 105 106 107 108 109 110
[101] 111 112 113 114 115 116 117 118 119 120 121 122 123 124 125 126 127 128 129 130
[121] 131 132 133 134 135 136 137 138 139 140 141 142 143 144 145 146 147 148 149 150
[141] 151 152 153 154 155 156 157 158 159 160 161 162 163 164 165 166 167 168 169 170
[161] 171 172 173 174 175 176 177 178 179 180 181 182 183 184 185 186 187 188 189 190
[181] 191 192 193 194 195 196 197 198 199 200 201 202 203 204 205 206 207 208 209 210
[201] 211 212 213 214 215 216 217 218 219 220 221 222 223 224 225 226 227

Removed for missing metadata: 
NULL

Removed for missing data: 
 [1]  21  33  35  40  43  51  66  73  74  79  80  81  83  87 100 102 103 104 108 109
[21] 110 113 115 116 117 118 128 132 133 134 144 145 158 174 179 181 184 187 188 189
[41] 193 194 195 198 199 202 203 208 210 211 212 213 220 221 222 223 224 225 226 227

Detailed outlier indices: 
Feature 11 Outlier indice(s): 301,320
Feature 12 Outlier indice(s): 287,315,321,325,472,490,510,514
Feature 16 Outlier indice(s): 139,270,287,296,323,421,493
Feature 17 Outlier indice(s): 325,510
Feature 24 Outlier indice(s): 139,305
Feature 25 Outlier indice(s): 293,305
Feature 27 Outlier indice(s): 305,352
Feature 44 Outlier indice(s): 215,270,299,302,321,325,412,415
Feature 46 Outlier indice(s): 1,187,334,379,496,514
Feature 49 Outlier indice(s): 115,129,139,194,209,269,270,274,277,278,283,284,287,292,296,298,299,302,309,316,318,319,324,325,368,374,380,387,409,419,421,448,490,493,501,512,514,515
Feature 55 Outlier indice(s): 35,121,285,315,319,321,325,343,361,368,387,399,472,510,513,514,516
Feature 57 Outlier indice(s): 194,284,318,410
Feature 84 Outlier indice(s): 35,67,143,145,215,268,273,285,311,315,321,343,352,425,434,465,472,490,510,513,514,516
Feature 86 Outlier indice(s): 156,215,314,315,321,325,352,410,425,472,490,491,510,514
Feature 89 Outlier indice(s): 37,121,122,144,285,343,425,465,472,474,490,494,510,513,514,516
Feature 97 Outlier indice(s): 287
Feature 99 Outlier indice(s): 1,6,14,35,44,51,54,66,68,71,80,81,100,115,116,120,122,133,216,217,241,272,274,275,286,287,291,293,295,302,317,330,341,361,368,373,374,387,394,405,413,418,419,421,438,439,440,451,454,459,487,492,497,499,500,502,509,515
Feature 101 Outlier indice(s): 14,20,22,39,56,60,78,83,101,146,171,172,179,181,187,199,233,244,335,340,347,361,379,399
Feature 106 Outlier indice(s): 285,315,321,325,352,425,490,514,516
Feature 107 Outlier indice(s): 35,67,69,115,156,194,208,215,269,278,282,315,319,321,325,368,380,387,412,425,457,465,472,490,510,512,514,516
Feature 112 Outlier indice(s): 214,247
Feature 114 Outlier indice(s): 52,100,115,123,129,133,139,193,204,209,270,271,274,277,281,283,284,290,296,298,300,302,305,309,312,316,319,323,341,360,380,381,421,462,471,484,493,497,501,512,516
Feature 119 Outlier indice(s): 214,247
Feature 129 Outlier indice(s): 214,338
Feature 135 Outlier indice(s): 312
Feature 139 Outlier indice(s): 71,156,215,309,315,321,325,425,471,472,490,514
Feature 150 Outlier indice(s): 194,318,387,410
Feature 151 Outlier indice(s): 18,35,47,67,68,69,122,134,143,145,268,273,298,325,334,343,371,412,425,429,434,439,454,459,460,465,471,472,476,490,491,510,514,516
Feature 152 Outlier indice(s): 14,18,34,35,37,47,67,68,69,70,71,74,107,112,120,122,134,143,145,147,170,193,196,215,268,273,323,325,327,334,343,371,425,429,434,436,439,450,454,459,460,465,471,472,476,485,489,490,498,510,514,516
Feature 153 Outlier indice(s): 35,47,67,74,115,143,156,194,215,268,269,273,277,278,285,299,304,311,314,315,318,319,325,343,352,361,368,380,387,399,412,425,426,434,457,465,471,472,490,510,514,516
Feature 154 Outlier indice(s): 18,35,47,67,68,74,112,122,143,145,147,156,192,208,215,267,268,273,285,287,308,311,314,315,321,325,336,343,352,367,371,410,425,434,454,459,465,469,471,472,490,501,510,513,514,516
Feature 156 Outlier indice(s): 30,35,37,52,67,74,104,109,112,114,120,121,143,144,150,155,192,193,206,208,213,217,227,230,267,268,279,282,307,311,326,327,336,374,408,426,434,435,446,453,454,459,460,461,465,467,473,474,476,489,496,510
Feature 163 Outlier indice(s): 18,35,37,47,52,67,69,74,112,123,145,147,156,215,268,273,279,321,323,326,327,329,343,360,371,389,410,412,434,454,459,465,472,489,491,510,513,516
Feature 167 Outlier indice(s): 287,302,409,419,515
Feature 168 Outlier indice(s): 115,129,139,215,270,290,298,309,315,316,323,325,352,380,421,472,484,501
Feature 169 Outlier indice(s): 18,30,34,35,36,37,52,67,74,104,112,120,121,127,144,150,154,159,192,206,213,215,227,230,245,273,282,321,326,327,329,343,360,371,374,410,412,425,429,434,454,456,459,460,465,467,472,473,474,478,489,490,494,496,510,513,514,516
Feature 173 Outlier indice(s): 35,37,74,144,230,247,282,454
Feature 182 Outlier indice(s): 146
Feature 183 Outlier indice(s): 293
Feature 190 Outlier indice(s): 35,156,215,311,315,319,321,325,352,368,387,425,465,472,490,510,514,516
Feature 196 Outlier indice(s): 37,67,144,230,285,327,467,491,496,516
Feature 197 Outlier indice(s): 18,21,35,47,49,67,69,71,74,145,156,193,215,230,267,268,275,307,311,321,325,328,329,343,367,371,387,389,412,425,429,434,435,452,454,459,465,471,472,476,477,480,487,496,510,514,516,517
Feature 204 Outlier indice(s): 285,510,514
Feature 205 Outlier indice(s): 18,35,47,67,74,112,143,155,156,196,208,227,268,315,321,325,329,371,374,425,434,454,459,465,469,472,476,510,514,516
Feature 216 Outlier indice(s): 313,320,325,466,488

Metadata which survived clean: 
 [1]  1  2  3  4  5  6  7  8  9 10

Data which survived clean: 
 [1]  11  12  13  14  15  16  17  18  19  20  23  24  25  26  27  28  29  30  37  44
[21]  46  47  48  49  50  55  56  57  72  82  84  85  86  88  89  90  91  92  97  99
[41] 101 106 107 112 114 119 129 135 136 137 138 139 147 150 151 152 153 154 156 157
[61] 159 160 161 163 167 168 169 173 177 182 183 185 186 190 196 197 204 205 215 216
