Initial Metadata Matrix Size: Rows 518  Columns 10
Initial Data Matrix Size: Rows 518  Columns 1398

Initial Data Count: 1398
Initial Metadata Count: 10
Data Count after preprocess: 1398
Removed for missing metadata: 0
Removed for missing data: 68
Number of data with outliers: 96
Number of metadata with outliers: 0
Metadata count which survived clean: 10
Data count which survived clean: 342

Boostings: 342
Boosting Errors: 0
LMs with no terms suriving boosting: 0
LMs performed: 342
No custom preprocess QC data.

#Details###########################

Initial Data Count: 
   [1]   11   12   13   14   15   16   17   18   19   20   21   22   23   24   25   26
  [17]   27   28   29   30   31   32   33   34   35   36   37   38   39   40   41   42
  [33]   43   44   45   46   47   48   49   50   51   52   53   54   55   56   57   58
  [49]   59   60   61   62   63   64   65   66   67   68   69   70   71   72   73   74
  [65]   75   76   77   78   79   80   81   82   83   84   85   86   87   88   89   90
  [81]   91   92   93   94   95   96   97   98   99  100  101  102  103  104  105  106
  [97]  107  108  109  110  111  112  113  114  115  116  117  118  119  120  121  122
 [113]  123  124  125  126  127  128  129  130  131  132  133  134  135  136  137  138
 [129]  139  140  141  142  143  144  145  146  147  148  149  150  151  152  153  154
 [145]  155  156  157  158  159  160  161  162  163  164  165  166  167  168  169  170
 [161]  171  172  173  174  175  176  177  178  179  180  181  182  183  184  185  186
 [177]  187  188  189  190  191  192  193  194  195  196  197  198  199  200  201  202
 [193]  203  204  205  206  207  208  209  210  211  212  213  214  215  216  217  218
 [209]  219  220  221  222  223  224  225  226  227  228  229  230  231  232  233  234
 [225]  235  236  237  238  239  240  241  242  243  244  245  246  247  248  249  250
 [241]  251  252  253  254  255  256  257  258  259  260  261  262  263  264  265  266
 [257]  267  268  269  270  271  272  273  274  275  276  277  278  279  280  281  282
 [273]  283  284  285  286  287  288  289  290  291  292  293  294  295  296  297  298
 [289]  299  300  301  302  303  304  305  306  307  308  309  310  311  312  313  314
 [305]  315  316  317  318  319  320  321  322  323  324  325  326  327  328  329  330
 [321]  331  332  333  334  335  336  337  338  339  340  341  342  343  344  345  346
 [337]  347  348  349  350  351  352  353  354  355  356  357  358  359  360  361  362
 [353]  363  364  365  366  367  368  369  370  371  372  373  374  375  376  377  378
 [369]  379  380  381  382  383  384  385  386  387  388  389  390  391  392  393  394
 [385]  395  396  397  398  399  400  401  402  403  404  405  406  407  408  409  410
 [401]  411  412  413  414  415  416  417  418  419  420  421  422  423  424  425  426
 [417]  427  428  429  430  431  432  433  434  435  436  437  438  439  440  441  442
 [433]  443  444  445  446  447  448  449  450  451  452  453  454  455  456  457  458
 [449]  459  460  461  462  463  464  465  466  467  468  469  470  471  472  473  474
 [465]  475  476  477  478  479  480  481  482  483  484  485  486  487  488  489  490
 [481]  491  492  493  494  495  496  497  498  499  500  501  502  503  504  505  506
 [497]  507  508  509  510  511  512  513  514  515  516  517  518  519  520  521  522
 [513]  523  524  525  526  527  528  529  530  531  532  533  534  535  536  537  538
 [529]  539  540  541  542  543  544  545  546  547  548  549  550  551  552  553  554
 [545]  555  556  557  558  559  560  561  562  563  564  565  566  567  568  569  570
 [561]  571  572  573  574  575  576  577  578  579  580  581  582  583  584  585  586
 [577]  587  588  589  590  591  592  593  594  595  596  597  598  599  600  601  602
 [593]  603  604  605  606  607  608  609  610  611  612  613  614  615  616  617  618
 [609]  619  620  621  622  623  624  625  626  627  628  629  630  631  632  633  634
 [625]  635  636  637  638  639  640  641  642  643  644  645  646  647  648  649  650
 [641]  651  652  653  654  655  656  657  658  659  660  661  662  663  664  665  666
 [657]  667  668  669  670  671  672  673  674  675  676  677  678  679  680  681  682
 [673]  683  684  685  686  687  688  689  690  691  692  693  694  695  696  697  698
 [689]  699  700  701  702  703  704  705  706  707  708  709  710  711  712  713  714
 [705]  715  716  717  718  719  720  721  722  723  724  725  726  727  728  729  730
 [721]  731  732  733  734  735  736  737  738  739  740  741  742  743  744  745  746
 [737]  747  748  749  750  751  752  753  754  755  756  757  758  759  760  761  762
 [753]  763  764  765  766  767  768  769  770  771  772  773  774  775  776  777  778
 [769]  779  780  781  782  783  784  785  786  787  788  789  790  791  792  793  794
 [785]  795  796  797  798  799  800  801  802  803  804  805  806  807  808  809  810
 [801]  811  812  813  814  815  816  817  818  819  820  821  822  823  824  825  826
 [817]  827  828  829  830  831  832  833  834  835  836  837  838  839  840  841  842
 [833]  843  844  845  846  847  848  849  850  851  852  853  854  855  856  857  858
 [849]  859  860  861  862  863  864  865  866  867  868  869  870  871  872  873  874
 [865]  875  876  877  878  879  880  881  882  883  884  885  886  887  888  889  890
 [881]  891  892  893  894  895  896  897  898  899  900  901  902  903  904  905  906
 [897]  907  908  909  910  911  912  913  914  915  916  917  918  919  920  921  922
 [913]  923  924  925  926  927  928  929  930  931  932  933  934  935  936  937  938
 [929]  939  940  941  942  943  944  945  946  947  948  949  950  951  952  953  954
 [945]  955  956  957  958  959  960  961  962  963  964  965  966  967  968  969  970
 [961]  971  972  973  974  975  976  977  978  979  980  981  982  983  984  985  986
 [977]  987  988  989  990  991  992  993  994  995  996  997  998  999 1000 1001 1002
 [993] 1003 1004 1005 1006 1007 1008 1009 1010
 [ reached getOption("max.print") -- omitted 398 entries ]

Initial Metadata Count: 
 [1]  1  2  3  4  5  6  7  8  9 10

Data Count after preprocess: 
   [1]   11   12   13   14   15   16   17   18   19   20   21   22   23   24   25   26
  [17]   27   28   29   30   31   32   33   34   35   36   37   38   39   40   41   42
  [33]   43   44   45   46   47   48   49   50   51   52   53   54   55   56   57   58
  [49]   59   60   61   62   63   64   65   66   67   68   69   70   71   72   73   74
  [65]   75   76   77   78   79   80   81   82   83   84   85   86   87   88   89   90
  [81]   91   92   93   94   95   96   97   98   99  100  101  102  103  104  105  106
  [97]  107  108  109  110  111  112  113  114  115  116  117  118  119  120  121  122
 [113]  123  124  125  126  127  128  129  130  131  132  133  134  135  136  137  138
 [129]  139  140  141  142  143  144  145  146  147  148  149  150  151  152  153  154
 [145]  155  156  157  158  159  160  161  162  163  164  165  166  167  168  169  170
 [161]  171  172  173  174  175  176  177  178  179  180  181  182  183  184  185  186
 [177]  187  188  189  190  191  192  193  194  195  196  197  198  199  200  201  202
 [193]  203  204  205  206  207  208  209  210  211  212  213  214  215  216  217  218
 [209]  219  220  221  222  223  224  225  226  227  228  229  230  231  232  233  234
 [225]  235  236  237  238  239  240  241  242  243  244  245  246  247  248  249  250
 [241]  251  252  253  254  255  256  257  258  259  260  261  262  263  264  265  266
 [257]  267  268  269  270  271  272  273  274  275  276  277  278  279  280  281  282
 [273]  283  284  285  286  287  288  289  290  291  292  293  294  295  296  297  298
 [289]  299  300  301  302  303  304  305  306  307  308  309  310  311  312  313  314
 [305]  315  316  317  318  319  320  321  322  323  324  325  326  327  328  329  330
 [321]  331  332  333  334  335  336  337  338  339  340  341  342  343  344  345  346
 [337]  347  348  349  350  351  352  353  354  355  356  357  358  359  360  361  362
 [353]  363  364  365  366  367  368  369  370  371  372  373  374  375  376  377  378
 [369]  379  380  381  382  383  384  385  386  387  388  389  390  391  392  393  394
 [385]  395  396  397  398  399  400  401  402  403  404  405  406  407  408  409  410
 [401]  411  412  413  414  415  416  417  418  419  420  421  422  423  424  425  426
 [417]  427  428  429  430  431  432  433  434  435  436  437  438  439  440  441  442
 [433]  443  444  445  446  447  448  449  450  451  452  453  454  455  456  457  458
 [449]  459  460  461  462  463  464  465  466  467  468  469  470  471  472  473  474
 [465]  475  476  477  478  479  480  481  482  483  484  485  486  487  488  489  490
 [481]  491  492  493  494  495  496  497  498  499  500  501  502  503  504  505  506
 [497]  507  508  509  510  511  512  513  514  515  516  517  518  519  520  521  522
 [513]  523  524  525  526  527  528  529  530  531  532  533  534  535  536  537  538
 [529]  539  540  541  542  543  544  545  546  547  548  549  550  551  552  553  554
 [545]  555  556  557  558  559  560  561  562  563  564  565  566  567  568  569  570
 [561]  571  572  573  574  575  576  577  578  579  580  581  582  583  584  585  586
 [577]  587  588  589  590  591  592  593  594  595  596  597  598  599  600  601  602
 [593]  603  604  605  606  607  608  609  610  611  612  613  614  615  616  617  618
 [609]  619  620  621  622  623  624  625  626  627  628  629  630  631  632  633  634
 [625]  635  636  637  638  639  640  641  642  643  644  645  646  647  648  649  650
 [641]  651  652  653  654  655  656  657  658  659  660  661  662  663  664  665  666
 [657]  667  668  669  670  671  672  673  674  675  676  677  678  679  680  681  682
 [673]  683  684  685  686  687  688  689  690  691  692  693  694  695  696  697  698
 [689]  699  700  701  702  703  704  705  706  707  708  709  710  711  712  713  714
 [705]  715  716  717  718  719  720  721  722  723  724  725  726  727  728  729  730
 [721]  731  732  733  734  735  736  737  738  739  740  741  742  743  744  745  746
 [737]  747  748  749  750  751  752  753  754  755  756  757  758  759  760  761  762
 [753]  763  764  765  766  767  768  769  770  771  772  773  774  775  776  777  778
 [769]  779  780  781  782  783  784  785  786  787  788  789  790  791  792  793  794
 [785]  795  796  797  798  799  800  801  802  803  804  805  806  807  808  809  810
 [801]  811  812  813  814  815  816  817  818  819  820  821  822  823  824  825  826
 [817]  827  828  829  830  831  832  833  834  835  836  837  838  839  840  841  842
 [833]  843  844  845  846  847  848  849  850  851  852  853  854  855  856  857  858
 [849]  859  860  861  862  863  864  865  866  867  868  869  870  871  872  873  874
 [865]  875  876  877  878  879  880  881  882  883  884  885  886  887  888  889  890
 [881]  891  892  893  894  895  896  897  898  899  900  901  902  903  904  905  906
 [897]  907  908  909  910  911  912  913  914  915  916  917  918  919  920  921  922
 [913]  923  924  925  926  927  928  929  930  931  932  933  934  935  936  937  938
 [929]  939  940  941  942  943  944  945  946  947  948  949  950  951  952  953  954
 [945]  955  956  957  958  959  960  961  962  963  964  965  966  967  968  969  970
 [961]  971  972  973  974  975  976  977  978  979  980  981  982  983  984  985  986
 [977]  987  988  989  990  991  992  993  994  995  996  997  998  999 1000 1001 1002
 [993] 1003 1004 1005 1006 1007 1008 1009 1010
 [ reached getOption("max.print") -- omitted 398 entries ]

Removed for missing metadata: 
NULL

Removed for missing data: 
 [1]   78   79  356  357  358  359  360  361  362  363  416  417  418  419  476  477
[17]  494  495  498  499  516  517  521  525  526  546  547  548  574  575  601  602
[33]  840  841  842  843  844 1002 1003 1038 1039 1040 1041 1122 1123 1124 1151 1152
[49] 1175 1176 1311 1312 1331 1332 1343 1344 1345 1346 1354 1355 1356 1357 1373 1374
[65] 1392 1393 1394   20

Detailed outlier indices: 
Feature 21 Outlier indice(s): 516
Feature 22 Outlier indice(s): 516
Feature 23 Outlier indice(s): 31,47,48,195,196,212,268,426,429,449,462
Feature 24 Outlier indice(s): 31,33,37,48,98,113,145,149,155,157,167,195,212,228,252,254,292,319,387,391,424,426,427,429,449,457,459,462
Feature 31 Outlier indice(s): 31,98,113,145,149,155,157,161,167,195,212,221,252,254,292,319,331,369,387,391,424,426,427,429,432,449,457,459
Feature 44 Outlier indice(s): 90,92,98,155,189,239,252,259,292,337,395,453,457,459,500
Feature 45 Outlier indice(s): 90,92,98,155,189,239,252,259,292,337,395,453,457,459,500
Feature 68 Outlier indice(s): 9,52,54,68,156,211,212,221,251,254,255,257,259,350,369,391,407,425,426,430,434,458,484,491,493,512,515
Feature 69 Outlier indice(s): 9,52,54,68,156,211,212,221,251,254,255,257,259,350,369,391,407,425,426,430,434,458,484,491,493,512,515
Feature 98 Outlier indice(s): 35,116,156,270,274,281,285,287,291,292,298,309,367,434,471,484,493
Feature 104 Outlier indice(s): 35,116,156,270,274,281,285,287,291,292,298,309,367,434,471,484,493
Feature 107 Outlier indice(s): 35,80,116,156,270,274,281,285,287,291,292,298,309,367,434,471,484,493
Feature 108 Outlier indice(s): 35,80,116,156,270,274,281,285,287,291,292,298,309,367,434,471,484,493
Feature 138 Outlier indice(s): 345,360,379,404,472,516
Feature 139 Outlier indice(s): 345,360,379,404,472,516
Feature 143 Outlier indice(s): 334,337,343,345,360,379,404,472,491,514,516
Feature 152 Outlier indice(s): 7,10,13,17,21,38,41,42,44,66,71,89,90,95,103,117,124,125,156,163,165,171,178,186,190,191,196,197,198,201,209,212,219,222,234,236,245,248,250,260,261,334,340,346,361,379,385,386,390,393,394,398,416,418,439,476,480,491,502,503,504,505,514,516
Feature 153 Outlier indice(s): 7,10,13,17,21,38,41,42,44,66,71,89,90,95,103,117,124,125,156,163,165,171,178,186,190,191,196,197,198,201,209,212,219,222,234,236,245,248,250,260,261,334,340,346,361,379,385,386,390,393,394,398,416,418,439,476,480,491,502,503,504,505,514,516
Feature 158 Outlier indice(s): 104,113,140,177,210,228,268,325,333,342,353,357,368,390,398,409,421,437,451,489,491,499,516
Feature 159 Outlier indice(s): 55,104,113,140,177,210,228,268,273,325,333,342,353,357,368,390,398,409,421,437,451,489,491,499,516
Feature 208 Outlier indice(s): 29,101,123,183,249,254,334,340
Feature 209 Outlier indice(s): 29,101,123,183,249,254,334,340
Feature 265 Outlier indice(s): 39,60,103,118,165,168,201,244,327,332,349,385,397,402,441,475
Feature 266 Outlier indice(s): 39,60,103,118,165,168,201,244,327,332,349,385,397,402,441,475
Feature 287 Outlier indice(s): 1,3,17,37,42,44,53,79,102,103,111,124,163,185,191,193,201,244,327,332,333,342,346,350,358,384,403,426
Feature 288 Outlier indice(s): 1,3,17,37,42,44,53,79,102,103,111,124,163,185,191,193,201,244,327,332,333,342,346,350,358,384,403,426,511
Feature 298 Outlier indice(s): 118,125,166,172,233,243,327,382,417,503,506,507,516,518
Feature 316 Outlier indice(s): 131,166,172,233,327,417,503,506,507,516,518
Feature 406 Outlier indice(s): 99,106,122,123,130,134,138,144,193,210,216,267,272,276,280,287,297,303,326,327,425,465,471,501
Feature 407 Outlier indice(s): 6,35,44,54,256,278,291,292,293,414,499,515
Feature 408 Outlier indice(s): 6,35,44,54,256,278,291,292,293,414,499,515
Feature 409 Outlier indice(s): 3,6,35,44,54,109,116,129,198,209,210,215,227,256,278,291,292,293,294,298,299,304,325,329,360,367,369,413,414,415,418,419,457,499,512,515
Feature 410 Outlier indice(s): 3,6,35,44,54,109,116,129,198,209,210,215,227,256,278,291,292,293,294,298,299,304,325,329,360,367,369,413,414,415,418,419,457,499,512,515
Feature 415 Outlier indice(s): 3,4,9,14,16,58,65,91,93,175,198,201,232,278,291,292,329,440,443,515
Feature 420 Outlier indice(s): 99,100,106,109,114,120,121,122,123,130,134,138,144,156,193,196,210,216,267,271,272,275,276,280,282,286,287,289,294,297,298,301,303,304,305,307,312,318,322,323,326,327,328,329,408,420,425,426,429,430,432,449,459,465,468,471,472,501,509,514,518
Feature 424 Outlier indice(s): 99,100,106,109,114,120,121,122,123,130,134,138,144,156,193,196,210,216,267,271,272,275,276,280,282,286,287,289,294,297,298,301,303,304,305,307,312,318,322,323,326,327,328,329,408,420,425,426,429,430,432,449,459,465,468,471,472,501,509,514,518
Feature 450 Outlier indice(s): 6,16,54,156
Feature 454 Outlier indice(s): 6,16,54
Feature 459 Outlier indice(s): 2,6,16,54
Feature 460 Outlier indice(s): 18,33,34,102,104,137,153,155,202,272,286,304,315,346,352,366,415,418,420,469,495
Feature 461 Outlier indice(s): 18,33,34,102,104,137,153,155,202,272,286,304,315,346,352,366,415,418,420,469,495
Feature 484 Outlier indice(s): 399
Feature 485 Outlier indice(s): 399
Feature 581 Outlier indice(s): 16,43,54,93,175,341,353,399
Feature 582 Outlier indice(s): 16,43,54,93,175,341,353,399
Feature 595 Outlier indice(s): 2,6,16,54,174,215,271,287,302,338
Feature 596 Outlier indice(s): 2,6,16,54,174,215,271,287,302,338
Feature 603 Outlier indice(s): 54,209,387,413,434,448
Feature 604 Outlier indice(s): 54,209,387,413,434,448
Feature 607 Outlier indice(s): 56,69,98,389,460,471
Feature 608 Outlier indice(s): 56,69,98,389,460,471
Feature 635 Outlier indice(s): 496
Feature 636 Outlier indice(s): 496
Feature 637 Outlier indice(s): 336
Feature 644 Outlier indice(s): 336
Feature 660 Outlier indice(s): 22,26,62,77,78,79,81,112,168,171,182,184,187,234,235,238,243,246,334,336,341,343,361,364,370,378,417,440,443,446,453,478,479,483,494,513
Feature 661 Outlier indice(s): 22,26,62,77,78,79,81,171,182,184,187,243,246,334,336,343,364,370,417,440,469,479,483,513
Feature 728 Outlier indice(s): 21,159,179,184,186,234,242,243,334,343,345,378,422,444,446,483,487
Feature 732 Outlier indice(s): 5,20,21,22,26,28,53,54,55,67,103,118,152,159,179,184,186,198,199,233,234,237,300,333,341,343,345,349,358,364,383,399,404,422,442,444,445,446,481,483,506
Feature 733 Outlier indice(s): 5,20,21,22,26,28,53,54,55,67,103,118,152,159,179,184,186,198,199,233,234,237,300,333,341,343,345,349,358,364,383,399,404,422,442,444,445,446,481,483,506
Feature 734 Outlier indice(s): 5,20,21,22,26,28,53,54,55,67,103,118,152,159,179,184,186,198,199,233,234,237,300,333,341,343,345,349,358,364,383,399,404,422,442,444,445,446,481,483,506
Feature 765 Outlier indice(s): 9,44
Feature 768 Outlier indice(s): 2,6,8,9,16,41,44,64,65,89,91,111,132,158,178,183,185,197,218,219,222,231,242,250,258,262,330,350,356,361,505
Feature 769 Outlier indice(s): 2,6,8,9,16,41,44,64,65,89,91,111,132,158,178,183,185,197,218,219,222,231,242,250,258,262,330,350,356,361,505
Feature 773 Outlier indice(s): 73
Feature 780 Outlier indice(s): 391
Feature 781 Outlier indice(s): 391
Feature 782 Outlier indice(s): 2,5,7,14,24,40,61,87,117,252,263
Feature 785 Outlier indice(s): 5,7,14,40,61,117,252
Feature 910 Outlier indice(s): 29
Feature 931 Outlier indice(s): 14
Feature 934 Outlier indice(s): 9,20,33,79,82,107,175,234,242,244,259,338,372,442,473
Feature 935 Outlier indice(s): 9,20,33,79,82,107,175,234,242,244,259,338,372,442,473
Feature 940 Outlier indice(s): 6,11,28,43,64,79,118,163,179,234,240,244,260,285,291,365,366,384,397,441,444,473,483
Feature 941 Outlier indice(s): 6,11,28,43,64,79,118,163,179,234,240,244,260,285,291,365,366,384,397,441,444,473,483
Feature 946 Outlier indice(s): 1,2,6,41,56,82,84,90,92,111,112,124,135,141,148,163,174,179,181,183,186,195,237,239,244,246,249,257,264,339,345,350,365,371,386,397,440,473,478
Feature 947 Outlier indice(s): 1,2,6,41,56,82,84,90,92,111,112,124,135,141,148,163,174,179,181,183,186,195,237,239,244,246,249,257,264,339,345,350,365,371,386,397,440,473,478
Feature 1012 Outlier indice(s): 443,444,465,485
Feature 1015 Outlier indice(s): 47,56,62,74,80,84,145,186,212,231,243,245,277,278,292,298,299,304,319,324,331,361,362,366,369,375,399,411,412,416,422,426,457,462,477,487,512,514
Feature 1016 Outlier indice(s): 47,56,62,74,80,84,145,186,212,231,243,245,277,278,292,298,299,304,319,324,331,361,362,366,369,375,399,411,412,416,422,426,457,462,477,487,512,514
Feature 1017 Outlier indice(s): 22,43,58,59,62,77,104,126,129,153,154,160,163,174,188,231,237,238,242,291,303,311,335,342,358,361,372,385,388,392,420,426,429,436,444,446,463,466,471,484,485,495,498,511
Feature 1018 Outlier indice(s): 22,43,58,59,62,77,104,126,129,153,154,160,163,174,188,231,237,238,242,291,303,311,335,342,358,361,372,385,388,392,420,426,429,436,444,446,463,466,471,484,485,495,498,511
Feature 1023 Outlier indice(s): 22,47,152,166,183,231,236,241,242,270,332,335,337,338,339,369,388,390,412,416,420,443,462,495,498
Feature 1049 Outlier indice(s): 72,80,85,132,140,152,191,201,211,241,243,300,332,334,357,358,368,375,393,399,416,442,444,506
Feature 1050 Outlier indice(s): 39,72,80,85,88,103,121,125,132,140,152,181,183,191,201,211,233,241,243,245,252,330,332,334,345,357,358,369,375,388,390,393,399,416,442,444,499,506
Feature 1062 Outlier indice(s): 15,39,62,72,78,85,88,103,121,125,132,140,152,181,191,201,211,233,241,243,245,252,330,331,332,334,345,357,358,369,375,388,390,393,399,416,442,444,499,504,506
Feature 1153 Outlier indice(s): 114,314,326,458,514,517
Feature 1157 Outlier indice(s): 18,48,67,134,153,159,226,354,385,430,431,449,456,462,463,469,498,509
Feature 1158 Outlier indice(s): 18,37,43,74,176,232,284,360,371,385,387,404,426,430,447,462,463,465,466,498,500,513
Feature 1159 Outlier indice(s): 18,37,43,74,176,232,284,360,371,385,387,404,426,430,447,462,463,465,466,498,500,513
Feature 1162 Outlier indice(s): 3,16,18,37,48,49,56,74,147,237,360,385,429,442,443,462,463,466,484,498
Feature 1196 Outlier indice(s): 5,16,25,108,109,129,132,140,177,184,215,221,284,292,300,309,311,324,330,334,335,338,357,364,369,381,413,422,428,439,452,480,481,510,513,514
Feature 1197 Outlier indice(s): 5,16,25,108,109,129,132,140,177,184,215,221,284,292,300,309,311,324,330,334,335,338,357,364,369,381,413,422,428,439,452,480,481,510,513,514
Feature 1204 Outlier indice(s): 5,16,25,108,109,129,132,140,177,184,215,221,284,292,300,309,311,324,330,334,335,338,357,364,369,381,413,422,428,439,452,480,481,510,513,514
Feature 1211 Outlier indice(s): 5,16,25,108,109,123,129,132,140,177,181,215,216,221,284,292,300,309,311,324,330,331,334,335,338,357,364,369,381,403,413,422,428,439,452,453,480,481,510,513,514
Feature 1212 Outlier indice(s): 5,16,25,108,109,123,129,132,140,177,181,215,216,221,284,292,300,309,311,324,330,331,334,335,338,357,364,369,381,403,413,422,428,439,452,453,480,481,510,513,514

Metadata which survived clean: 
 [1]  1  2  3  4  5  6  7  8  9 10

Data which survived clean: 
  [1]   21   22   23   24   31   34   35   44   45   68   69   98  104  107  108  120
 [17]  121  122  138  139  143  144  145  148  149  150  151  152  153  154  155  156
 [33]  157  158  159  161  162  175  176  177  178  179  189  190  191  207  208  209
 [49]  214  218  219  220  231  232  233  234  235  236  237  246  247  254  255  265
 [65]  266  285  286  287  288  290  291  292  293  298  316  317  318  323  324  325
 [81]  333  366  367  368  369  372  373  374  375  378  379  404  405  406  407  408
 [97]  409  410  413  414  415  420  424  425  426  429  430  433  434  435  436  443
[113]  450  454  457  458  459  460  461  464  465  470  471  484  485  523  524  569
[129]  570  571  573  576  581  582  595  596  603  604  607  608  611  612  619  620
[145]  621  622  627  628  633  634  635  636  637  644  647  648  655  656  657  658
[161]  660  661  667  668  671  672  673  674  697  698  704  728  729  730  731  732
[177]  733  734  738  742  745  746  747  748  753  754  757  758  764  765  766  767
[193]  768  769  772  773  778  779  780  781  782  785  786  788  796  805  806  807
[209]  808  809  810  811  812  813  814  815  818  819  820  821  822  823  826  827
[225]  828  829  832  833  834  835  836  837  845  846  847  848  849  850  851  852
[241]  853  854  859  860  861  862  863  873  880  881  882  883  885  886  887  894
[257]  897  898  903  904  907  910  913  914  915  925  930  931  932  933  934  935
[273]  938  939  940  941  946  947  954  967  968  980  984  985  986  995 1012 1013
[289] 1014 1015 1016 1017 1018 1023 1042 1049 1050 1062 1066 1068 1070 1092 1093 1094
[305] 1095 1096 1116 1125 1126 1144 1147 1148 1153 1157 1158 1159 1160 1161 1162 1196
[321] 1197 1204 1211 1212 1236 1237 1238 1239 1240 1241 1242 1243 1244 1245 1246 1249
[337] 1261 1262 1263 1264 1286 1347
