Initial Metadata Matrix Size: Rows 646  Columns 9
Initial Data Matrix Size: Rows 646  Columns 1398

Initial Data Count: 1398
Initial Metadata Count: 9
Data Count after preprocess: 1398
Removed for missing metadata: 0
Removed for missing data: 1
Number of data with outliers: 97
Number of metadata with outliers: 0
Metadata count which survived clean: 9
Data count which survived clean: 349

Boostings: 349
Boosting Errors: 0
LMs with no terms suriving boosting: 0
LMs performed: 349
No custom preprocess QC data.

#Details###########################

Initial Data Count: 
   [1]   10   11   12   13   14   15   16   17   18   19   20   21   22   23   24
  [16]   25   26   27   28   29   30   31   32   33   34   35   36   37   38   39
  [31]   40   41   42   43   44   45   46   47   48   49   50   51   52   53   54
  [46]   55   56   57   58   59   60   61   62   63   64   65   66   67   68   69
  [61]   70   71   72   73   74   75   76   77   78   79   80   81   82   83   84
  [76]   85   86   87   88   89   90   91   92   93   94   95   96   97   98   99
  [91]  100  101  102  103  104  105  106  107  108  109  110  111  112  113  114
 [106]  115  116  117  118  119  120  121  122  123  124  125  126  127  128  129
 [121]  130  131  132  133  134  135  136  137  138  139  140  141  142  143  144
 [136]  145  146  147  148  149  150  151  152  153  154  155  156  157  158  159
 [151]  160  161  162  163  164  165  166  167  168  169  170  171  172  173  174
 [166]  175  176  177  178  179  180  181  182  183  184  185  186  187  188  189
 [181]  190  191  192  193  194  195  196  197  198  199  200  201  202  203  204
 [196]  205  206  207  208  209  210  211  212  213  214  215  216  217  218  219
 [211]  220  221  222  223  224  225  226  227  228  229  230  231  232  233  234
 [226]  235  236  237  238  239  240  241  242  243  244  245  246  247  248  249
 [241]  250  251  252  253  254  255  256  257  258  259  260  261  262  263  264
 [256]  265  266  267  268  269  270  271  272  273  274  275  276  277  278  279
 [271]  280  281  282  283  284  285  286  287  288  289  290  291  292  293  294
 [286]  295  296  297  298  299  300  301  302  303  304  305  306  307  308  309
 [301]  310  311  312  313  314  315  316  317  318  319  320  321  322  323  324
 [316]  325  326  327  328  329  330  331  332  333  334  335  336  337  338  339
 [331]  340  341  342  343  344  345  346  347  348  349  350  351  352  353  354
 [346]  355  356  357  358  359  360  361  362  363  364  365  366  367  368  369
 [361]  370  371  372  373  374  375  376  377  378  379  380  381  382  383  384
 [376]  385  386  387  388  389  390  391  392  393  394  395  396  397  398  399
 [391]  400  401  402  403  404  405  406  407  408  409  410  411  412  413  414
 [406]  415  416  417  418  419  420  421  422  423  424  425  426  427  428  429
 [421]  430  431  432  433  434  435  436  437  438  439  440  441  442  443  444
 [436]  445  446  447  448  449  450  451  452  453  454  455  456  457  458  459
 [451]  460  461  462  463  464  465  466  467  468  469  470  471  472  473  474
 [466]  475  476  477  478  479  480  481  482  483  484  485  486  487  488  489
 [481]  490  491  492  493  494  495  496  497  498  499  500  501  502  503  504
 [496]  505  506  507  508  509  510  511  512  513  514  515  516  517  518  519
 [511]  520  521  522  523  524  525  526  527  528  529  530  531  532  533  534
 [526]  535  536  537  538  539  540  541  542  543  544  545  546  547  548  549
 [541]  550  551  552  553  554  555  556  557  558  559  560  561  562  563  564
 [556]  565  566  567  568  569  570  571  572  573  574  575  576  577  578  579
 [571]  580  581  582  583  584  585  586  587  588  589  590  591  592  593  594
 [586]  595  596  597  598  599  600  601  602  603  604  605  606  607  608  609
 [601]  610  611  612  613  614  615  616  617  618  619  620  621  622  623  624
 [616]  625  626  627  628  629  630  631  632  633  634  635  636  637  638  639
 [631]  640  641  642  643  644  645  646  647  648  649  650  651  652  653  654
 [646]  655  656  657  658  659  660  661  662  663  664  665  666  667  668  669
 [661]  670  671  672  673  674  675  676  677  678  679  680  681  682  683  684
 [676]  685  686  687  688  689  690  691  692  693  694  695  696  697  698  699
 [691]  700  701  702  703  704  705  706  707  708  709  710  711  712  713  714
 [706]  715  716  717  718  719  720  721  722  723  724  725  726  727  728  729
 [721]  730  731  732  733  734  735  736  737  738  739  740  741  742  743  744
 [736]  745  746  747  748  749  750  751  752  753  754  755  756  757  758  759
 [751]  760  761  762  763  764  765  766  767  768  769  770  771  772  773  774
 [766]  775  776  777  778  779  780  781  782  783  784  785  786  787  788  789
 [781]  790  791  792  793  794  795  796  797  798  799  800  801  802  803  804
 [796]  805  806  807  808  809  810  811  812  813  814  815  816  817  818  819
 [811]  820  821  822  823  824  825  826  827  828  829  830  831  832  833  834
 [826]  835  836  837  838  839  840  841  842  843  844  845  846  847  848  849
 [841]  850  851  852  853  854  855  856  857  858  859  860  861  862  863  864
 [856]  865  866  867  868  869  870  871  872  873  874  875  876  877  878  879
 [871]  880  881  882  883  884  885  886  887  888  889  890  891  892  893  894
 [886]  895  896  897  898  899  900  901  902  903  904  905  906  907  908  909
 [901]  910  911  912  913  914  915  916  917  918  919  920  921  922  923  924
 [916]  925  926  927  928  929  930  931  932  933  934  935  936  937  938  939
 [931]  940  941  942  943  944  945  946  947  948  949  950  951  952  953  954
 [946]  955  956  957  958  959  960  961  962  963  964  965  966  967  968  969
 [961]  970  971  972  973  974  975  976  977  978  979  980  981  982  983  984
 [976]  985  986  987  988  989  990  991  992  993  994  995  996  997  998  999
 [991] 1000 1001 1002 1003 1004 1005 1006 1007 1008 1009
 [ reached getOption("max.print") -- omitted 398 entries ]

Initial Metadata Count: 
[1] 1 2 3 4 5 6 7 8 9

Data Count after preprocess: 
   [1]   10   11   12   13   14   15   16   17   18   19   20   21   22   23   24
  [16]   25   26   27   28   29   30   31   32   33   34   35   36   37   38   39
  [31]   40   41   42   43   44   45   46   47   48   49   50   51   52   53   54
  [46]   55   56   57   58   59   60   61   62   63   64   65   66   67   68   69
  [61]   70   71   72   73   74   75   76   77   78   79   80   81   82   83   84
  [76]   85   86   87   88   89   90   91   92   93   94   95   96   97   98   99
  [91]  100  101  102  103  104  105  106  107  108  109  110  111  112  113  114
 [106]  115  116  117  118  119  120  121  122  123  124  125  126  127  128  129
 [121]  130  131  132  133  134  135  136  137  138  139  140  141  142  143  144
 [136]  145  146  147  148  149  150  151  152  153  154  155  156  157  158  159
 [151]  160  161  162  163  164  165  166  167  168  169  170  171  172  173  174
 [166]  175  176  177  178  179  180  181  182  183  184  185  186  187  188  189
 [181]  190  191  192  193  194  195  196  197  198  199  200  201  202  203  204
 [196]  205  206  207  208  209  210  211  212  213  214  215  216  217  218  219
 [211]  220  221  222  223  224  225  226  227  228  229  230  231  232  233  234
 [226]  235  236  237  238  239  240  241  242  243  244  245  246  247  248  249
 [241]  250  251  252  253  254  255  256  257  258  259  260  261  262  263  264
 [256]  265  266  267  268  269  270  271  272  273  274  275  276  277  278  279
 [271]  280  281  282  283  284  285  286  287  288  289  290  291  292  293  294
 [286]  295  296  297  298  299  300  301  302  303  304  305  306  307  308  309
 [301]  310  311  312  313  314  315  316  317  318  319  320  321  322  323  324
 [316]  325  326  327  328  329  330  331  332  333  334  335  336  337  338  339
 [331]  340  341  342  343  344  345  346  347  348  349  350  351  352  353  354
 [346]  355  356  357  358  359  360  361  362  363  364  365  366  367  368  369
 [361]  370  371  372  373  374  375  376  377  378  379  380  381  382  383  384
 [376]  385  386  387  388  389  390  391  392  393  394  395  396  397  398  399
 [391]  400  401  402  403  404  405  406  407  408  409  410  411  412  413  414
 [406]  415  416  417  418  419  420  421  422  423  424  425  426  427  428  429
 [421]  430  431  432  433  434  435  436  437  438  439  440  441  442  443  444
 [436]  445  446  447  448  449  450  451  452  453  454  455  456  457  458  459
 [451]  460  461  462  463  464  465  466  467  468  469  470  471  472  473  474
 [466]  475  476  477  478  479  480  481  482  483  484  485  486  487  488  489
 [481]  490  491  492  493  494  495  496  497  498  499  500  501  502  503  504
 [496]  505  506  507  508  509  510  511  512  513  514  515  516  517  518  519
 [511]  520  521  522  523  524  525  526  527  528  529  530  531  532  533  534
 [526]  535  536  537  538  539  540  541  542  543  544  545  546  547  548  549
 [541]  550  551  552  553  554  555  556  557  558  559  560  561  562  563  564
 [556]  565  566  567  568  569  570  571  572  573  574  575  576  577  578  579
 [571]  580  581  582  583  584  585  586  587  588  589  590  591  592  593  594
 [586]  595  596  597  598  599  600  601  602  603  604  605  606  607  608  609
 [601]  610  611  612  613  614  615  616  617  618  619  620  621  622  623  624
 [616]  625  626  627  628  629  630  631  632  633  634  635  636  637  638  639
 [631]  640  641  642  643  644  645  646  647  648  649  650  651  652  653  654
 [646]  655  656  657  658  659  660  661  662  663  664  665  666  667  668  669
 [661]  670  671  672  673  674  675  676  677  678  679  680  681  682  683  684
 [676]  685  686  687  688  689  690  691  692  693  694  695  696  697  698  699
 [691]  700  701  702  703  704  705  706  707  708  709  710  711  712  713  714
 [706]  715  716  717  718  719  720  721  722  723  724  725  726  727  728  729
 [721]  730  731  732  733  734  735  736  737  738  739  740  741  742  743  744
 [736]  745  746  747  748  749  750  751  752  753  754  755  756  757  758  759
 [751]  760  761  762  763  764  765  766  767  768  769  770  771  772  773  774
 [766]  775  776  777  778  779  780  781  782  783  784  785  786  787  788  789
 [781]  790  791  792  793  794  795  796  797  798  799  800  801  802  803  804
 [796]  805  806  807  808  809  810  811  812  813  814  815  816  817  818  819
 [811]  820  821  822  823  824  825  826  827  828  829  830  831  832  833  834
 [826]  835  836  837  838  839  840  841  842  843  844  845  846  847  848  849
 [841]  850  851  852  853  854  855  856  857  858  859  860  861  862  863  864
 [856]  865  866  867  868  869  870  871  872  873  874  875  876  877  878  879
 [871]  880  881  882  883  884  885  886  887  888  889  890  891  892  893  894
 [886]  895  896  897  898  899  900  901  902  903  904  905  906  907  908  909
 [901]  910  911  912  913  914  915  916  917  918  919  920  921  922  923  924
 [916]  925  926  927  928  929  930  931  932  933  934  935  936  937  938  939
 [931]  940  941  942  943  944  945  946  947  948  949  950  951  952  953  954
 [946]  955  956  957  958  959  960  961  962  963  964  965  966  967  968  969
 [961]  970  971  972  973  974  975  976  977  978  979  980  981  982  983  984
 [976]  985  986  987  988  989  990  991  992  993  994  995  996  997  998  999
 [991] 1000 1001 1002 1003 1004 1005 1006 1007 1008 1009
 [ reached getOption("max.print") -- omitted 398 entries ]

Removed for missing metadata: 
NULL

Removed for missing data: 
[1] 19

Detailed outlier indices: 
Feature 20 Outlier indice(s): 643
Feature 21 Outlier indice(s): 643
Feature 22 Outlier indice(s): 41,61,63,85,241,242,261,331,528,531,556,576
Feature 23 Outlier indice(s): 41,43,48,63,85,125,145,181,187,193,196,201,210,241,261,283,312,315,358,389,406,471,476,526,528,529,531,542,556,558,567,573,576
Feature 30 Outlier indice(s): 41,85,125,145,181,187,193,196,201,210,241,261,274,312,315,358,389,406,451,471,476,526,528,529,531,542,556,567,573
Feature 43 Outlier indice(s): 116,118,125,193,235,312,320,358,414,567,573,622
Feature 44 Outlier indice(s): 116,118,125,193,235,312,320,358,414,567,573,622
Feature 67 Outlier indice(s): 11,62,70,85,90,92,194,195,260,261,267,274,311,315,316,320,324,429,518,527,532,537,569,583,601,609,612,638,641
Feature 68 Outlier indice(s): 11,62,70,85,90,92,194,195,260,261,267,274,311,315,316,320,324,429,518,527,532,537,569,583,601,609,612,638,641
Feature 97 Outlier indice(s): 45,148,195,256,263,333,338,346,351,357,358,364,375,449,537,586,601,612
Feature 103 Outlier indice(s): 45,148,195,256,263,333,338,346,351,357,358,364,375,449,537,586,601,612
Feature 106 Outlier indice(s): 45,148,195,256,263,333,338,346,351,357,358,364,375,449,537,586,601,612
Feature 107 Outlier indice(s): 45,148,195,256,263,333,338,346,351,357,358,364,375,449,537,586,601,612
Feature 137 Outlier indice(s): 14,380,424,440,463,494,588,643
Feature 138 Outlier indice(s): 14,380,424,440,463,494,588,643
Feature 142 Outlier indice(s): 14,380,411,414,421,424,440,463,494,588,609,640,643
Feature 151 Outlier indice(s): 2,8,9,17,18,37,49,50,53,54,56,78,85,95,114,116,121,122,156,157,168,176,203,208,215,222,231,236,237,243,244,248,261,271,275,278,292,294,307,310,321,322,408,411,417,436,442,463,470,478,479,484,512,514,521,592,597,626,627,628,640,642,643
Feature 152 Outlier indice(s): 2,8,9,17,18,37,49,50,53,54,56,78,85,95,114,116,121,122,156,157,168,176,203,208,215,222,231,236,237,243,244,248,261,271,275,278,292,294,307,310,321,322,408,411,417,436,442,463,470,478,479,484,512,514,521,592,597,626,627,628,640,642,643
Feature 157 Outlier indice(s): 14,67,132,145,175,221,259,278,283,331,398,410,420,432,437,450,475,484,503,541,559,607,609,621,643
Feature 158 Outlier indice(s): 14,67,71,132,145,175,221,259,278,283,331,337,398,410,420,432,437,450,475,484,503,541,559,607,609,621,643
Feature 207 Outlier indice(s): 36,129,155,213,227,278,309,315,409,411,417
Feature 208 Outlier indice(s): 36,129,155,213,227,278,309,315,409,411,417
Feature 286 Outlier indice(s): 1,4,22,48,54,56,69,103,130,131,142,156,203,230,237,239,248,302,400,407,410,420,425,429,438,468,493,528
Feature 287 Outlier indice(s): 1,4,22,48,54,56,69,103,130,131,142,156,203,230,237,239,248,302,400,407,410,420,425,429,438,468,493,528,637
Feature 297 Outlier indice(s): 54,79,100,102,109,115,137,150,157,169,176,209,216,224,248,277,278,291,301,308,312,344,400,408,425,452,454,466,475,483,512,513,535,557,604,615,626,629,630,643,646
Feature 315 Outlier indice(s): 137,163,209,216,277,291,301,400,408,513,535,604,626,629,630,643,646
Feature 405 Outlier indice(s): 126,154,162,167,173,180,239,259,268,330,336,340,345,363,369,399,400,498,527,542,586,624
Feature 406 Outlier indice(s): 7,45,343,359,499,508,583,641,644
Feature 407 Outlier indice(s): 7,45,343,359,499,508,583,641,644
Feature 408 Outlier indice(s): 4,45,56,70,266,343,357,358,359,360,398,440,449,451,499,508,511,514,515,517,519,583,621,641,644
Feature 409 Outlier indice(s): 4,45,56,70,266,343,357,358,359,360,398,440,449,451,499,508,511,514,515,517,519,583,621,641,644
Feature 414 Outlier indice(s): 4,5,19,21,80,82,87,117,219,273,343,357,358,382,404,499,524,545,583,641
Feature 419 Outlier indice(s): 40,92,126,127,134,135,140,146,152,153,154,155,162,167,173,180,195,197,229,239,242,246,259,268,330,334,336,339,340,345,347,352,353,355,360,363,364,367,369,370,371,373,378,379,383,388,394,395,399,400,403,404,498,502,516,522,527,528,531,532,535,542,553,556,558,561,568,569,570,571,573,579,582,586,588,604,614,624,632,640,646
Feature 423 Outlier indice(s): 40,92,126,127,134,135,140,146,152,153,154,155,162,167,173,180,195,197,229,239,242,246,259,268,330,334,336,339,340,345,347,352,353,355,360,363,364,367,369,370,371,373,378,379,383,388,394,395,399,400,403,404,498,502,516,522,527,528,531,532,535,542,553,556,558,561,568,569,570,571,573,579,582,586,588,604,614,624,632,640,646
Feature 449 Outlier indice(s): 7,21,70,82,85,195,524,623
Feature 453 Outlier indice(s): 7,21,70,82,85,524,623
Feature 458 Outlier indice(s): 3,7,21,70,82,85,524,623
Feature 459 Outlier indice(s): 18,23,43,44,82,92,130,132,171,191,193,207,249,289,336,352,370,385,425,431,448,511,514,516,566,584,615,636
Feature 460 Outlier indice(s): 18,23,43,44,82,92,130,132,171,191,193,207,249,289,336,352,370,385,425,431,448,511,514,516,566,584,615,636
Feature 483 Outlier indice(s): 485
Feature 484 Outlier indice(s): 485
Feature 580 Outlier indice(s): 21,55,70,82,119,219,232,273,418,432,485,623
Feature 581 Outlier indice(s): 21,55,70,82,119,219,232,273,418,432,485,623
Feature 594 Outlier indice(s): 3,7,21,70,218,266,334,353,368,415,623
Feature 595 Outlier indice(s): 3,7,21,70,218,266,334,353,368,415,623
Feature 602 Outlier indice(s): 62,70,258,471,499,507,534,555,583,604
Feature 603 Outlier indice(s): 62,70,258,471,499,507,534,555,583,604
Feature 606 Outlier indice(s): 74,91,125,284,574
Feature 607 Outlier indice(s): 74,91,125,284,574
Feature 634 Outlier indice(s): 617
Feature 635 Outlier indice(s): 617
Feature 636 Outlier indice(s): 413
Feature 643 Outlier indice(s): 413
Feature 646 Outlier indice(s): 1,20,23,25,26,33,38,69,83,92,101,102,129,131,144,158,207,223,226,227,229,233,244,245,293,302,308,402,414,438,442,446,457,460,513,557,593,596,615
Feature 659 Outlier indice(s): 27,33,83,102,103,212,226,228,232,233,292,293,296,301,305,308,411,413,418,442,446,452,461,513,545,548,562,595,596,600,613,639
Feature 660 Outlier indice(s): 2,27,33,83,101,102,103,105,215,226,228,232,233,301,305,411,413,421,446,452,513,545,584,594,596,600,639
Feature 727 Outlier indice(s): 26,73,137,199,223,231,232,289,292,300,301,421,424,480,523,549,552,558,600,616
Feature 731 Outlier indice(s): 6,25,26,27,33,35,38,69,70,71,72,73,78,89,131,137,150,168,183,190,199,204,207,223,228,231,232,244,245,278,289,291,292,295,304,366,410,418,421,424,428,436,438,446,457,467,485,494,523,547,549,551,552,569,598,600,616,629
Feature 732 Outlier indice(s): 6,25,26,27,33,35,38,69,70,71,72,73,78,89,131,137,150,168,183,190,199,204,207,223,228,231,232,244,245,278,289,291,292,295,304,366,410,418,421,424,428,436,438,446,457,467,485,494,523,547,549,551,552,569,598,600,616,629
Feature 733 Outlier indice(s): 6,25,26,27,33,35,38,69,70,71,72,73,78,89,131,137,150,168,183,190,199,204,207,223,228,231,232,244,245,278,289,291,292,295,304,366,410,418,421,424,428,436,438,446,457,467,485,494,523,547,549,551,552,569,598,600,616,629
Feature 764 Outlier indice(s): 56
Feature 767 Outlier indice(s): 3,10,53,56,114,227,243,270,405
Feature 768 Outlier indice(s): 3,10,53,56,114,227,243,270,405
Feature 772 Outlier indice(s): 58,97,215,444
Feature 779 Outlier indice(s): 476
Feature 780 Outlier indice(s): 476
Feature 781 Outlier indice(s): 3,6,9,19,31,52,81,109,112,149,246,312,325
Feature 784 Outlier indice(s): 3,6,9,19,31,52,80,81,109,112,149,176,246,308,312,325
Feature 817 Outlier indice(s): 3,4,5,7,10,17,18,26,29,32,48,52,59,80,86,99,111,156,169,176,205,218,226,247,270,297,322,325,426,429,439,443,444,448,454,470,472,475,477,546,599,603,623
Feature 818 Outlier indice(s): 3,4,5,7,10,17,18,26,29,32,48,52,59,80,86,99,111,156,169,176,205,218,226,247,270,297,322,325,426,429,439,443,444,448,454,470,472,475,477,546,599,603,623
Feature 872 Outlier indice(s): 3,5,7,10,11,12,18,22,31,38,52,58,68,70,72,77,80,83,102,107,113,121,123,137,139,143,157,165,198,203,207,211,217,221,222,230,235,239,247,270,273,275,294,300,303,307,309,312,314,320,324,326,364,408,409,415,418,422,424,429,441,442,467,472,476,477,486,487,489,512,547,548,566,629
Feature 906 Outlier indice(s): 36,165
Feature 909 Outlier indice(s): 36,165
Feature 930 Outlier indice(s): 19
Feature 933 Outlier indice(s): 11,18,25,43,103,106,138,219,292,300,302,320,415,454,547,589
Feature 934 Outlier indice(s): 11,18,25,43,103,106,138,219,292,300,302,320,415,454,547,589
Feature 939 Outlier indice(s): 7,15,55,73,86,103,203,223,289,292,298,302,308,321,351,357,409,447,448,468,483,589,600
Feature 940 Outlier indice(s): 7,15,55,73,86,103,203,223,289,292,298,302,308,321,351,357,409,447,448,468,483,589,600
Feature 1011 Outlier indice(s): 549,579,602
Feature 1014 Outlier indice(s): 30,37,61,67,73,74,78,83,98,104,108,109,181,229,232,256,261,288,303,304,342,343,358,364,365,370,389,397,406,436,442,443,448,451,457,458,485,505,506,512,523,528,558,567,570,576,587,593,605,616,638,640
Feature 1015 Outlier indice(s): 30,37,61,67,73,74,78,83,98,104,108,109,181,229,232,256,261,288,303,304,342,343,358,364,365,370,389,397,406,436,442,443,448,451,457,458,485,505,506,512,523,528,558,567,570,576,587,593,605,616,638,640
Feature 1016 Outlier indice(s): 27,76,77,83,101,109,132,158,161,165,191,192,200,218,234,288,295,300,304,357,369,377,412,420,438,442,454,462,469,472,477,486,490,516,528,531,540,542,549,552,566,568,577,580,586,594,601,602,615,616,619,637
Feature 1017 Outlier indice(s): 27,76,77,83,101,109,132,158,161,165,191,192,200,218,234,288,295,300,304,357,369,377,412,420,438,442,454,462,469,472,477,486,490,516,528,531,540,542,549,552,566,568,577,580,586,594,601,602,615,616,619,637
Feature 1022 Outlier indice(s): 27,61,183,190,227,288,300,407,412,506,516,558,619
Feature 1048 Outlier indice(s): 78,96,104,110,164,175,190,194,205,237,246,248,260,278,299,301,366,407,411,437,438,445,450,458,478,485,491,512,547,549,616,629
Feature 1049 Outlier indice(s): 20,51,78,96,104,110,113,131,153,157,164,175,176,190,194,205,225,227,237,246,248,260,278,291,299,301,303,312,405,407,411,424,437,438,445,451,458,472,475,478,485,490,491,512,547,549,616,621,629
Feature 1061 Outlier indice(s): 1,20,25,26,51,52,78,83,96,102,106,110,113,115,131,136,143,153,157,164,175,176,186,190,194,205,225,231,237,246,248,260,278,288,291,299,301,303,308,312,323,405,406,407,411,424,437,438,442,445,451,458,472,475,478,479,483,485,490,491,512,521,535,547,549,598,616,621,627,629
Feature 1152 Outlier indice(s): 168,561,640
Feature 1156 Outlier indice(s): 23,58,63,78,89,92,167,191,199,251,280,308,462,486,519,532,533,556,565,570,576,577,584,604,616,619,632,636
Feature 1157 Outlier indice(s): 23,48,55,58,78,98,115,185,220,251,290,350,436,440,453,457,469,471,486,494,519,524,528,532,534,554,570,576,577,579,580,619,622,636,639
Feature 1158 Outlier indice(s): 23,48,55,58,78,98,115,185,220,251,290,350,436,440,453,457,469,471,486,494,519,524,528,532,534,554,570,576,577,579,580,619,622,636,639
Feature 1161 Outlier indice(s): 4,21,23,28,48,63,64,72,74,78,92,93,128,184,185,251,295,409,440,469,486,519,531,547,548,570,576,577,601,619,636
Feature 1195 Outlier indice(s): 6,21,32,37,62,139,140,144,161,164,165,175,204,221,228,266,274,304,350,358,366,375,377,392,397,405,411,412,415,437,446,451,465,490,507,523,530,539,542,544,558,560,570,583,597,598,635,639,640
Feature 1196 Outlier indice(s): 6,21,32,37,62,139,140,144,161,164,165,175,204,221,228,266,274,304,350,358,366,375,377,392,397,405,411,412,415,437,446,451,465,490,507,523,530,539,542,544,558,560,570,583,597,598,635,639,640
Feature 1203 Outlier indice(s): 6,21,32,37,62,139,140,144,161,164,165,175,204,221,228,266,274,304,350,358,366,375,377,392,397,405,411,412,415,437,446,451,465,490,507,523,530,539,542,544,558,560,570,583,597,598,635,639,640
Feature 1210 Outlier indice(s): 6,21,32,37,62,139,140,144,161,164,165,175,204,221,266,274,304,350,358,366,375,377,392,397,405,411,412,415,437,446,451,465,490,507,523,530,539,542,544,558,560,570,583,597,598,635,639,640
Feature 1211 Outlier indice(s): 6,21,32,37,62,139,140,144,161,164,165,175,204,221,266,274,304,350,358,366,375,377,392,397,405,411,412,415,437,446,451,465,490,507,523,530,539,542,544,558,560,570,583,597,598,635,639,640

Metadata which survived clean: 
[1] 1 2 3 4 5 6 7 8 9

Data which survived clean: 
  [1]   20   21   22   23   30   33   34   43   44   67   68   97  103  106  107
 [16]  119  120  121  137  138  142  143  144  147  148  149  150  151  152  153
 [31]  154  155  156  157  158  160  161  174  175  176  177  178  188  189  190
 [46]  206  207  208  213  217  218  219  230  231  232  233  234  235  236  245
 [61]  246  253  254  264  265  284  285  286  287  289  290  291  292  297  315
 [76]  316  317  322  323  324  332  343  365  366  367  368  371  372  373  374
 [91]  377  378  403  404  405  406  407  408  409  412  413  414  419  423  424
[106]  425  428  429  432  433  434  435  442  449  453  456  457  458  459  460
[121]  463  464  469  470  483  484  522  523  568  569  570  572  575  580  581
[136]  594  595  602  603  606  607  610  611  618  619  620  621  626  627  632
[151]  633  634  635  636  643  646  647  654  655  656  657  659  660  666  667
[166]  670  671  672  673  696  697  703  727  728  729  730  731  732  733  737
[181]  741  744  745  746  747  748  749  752  753  763  764  765  766  767  768
[196]  771  772  777  778  779  780  781  784  785  787  795  804  805  806  807
[211]  808  809  810  811  812  813  814  817  818  819  820  821  822  825  826
[226]  827  828  831  832  833  834  835  836  844  845  846  847  848  849  850
[241]  851  852  853  858  859  860  861  862  872  879  880  881  882  884  885
[256]  886  893  896  897  902  903  906  909  912  913  914  924  929  930  931
[271]  932  933  934  937  938  939  940  945  946  953  966  967  979  983  984
[286]  985  994 1011 1012 1013 1014 1015 1016 1017 1022 1041 1048 1049 1061 1065
[301] 1067 1069 1091 1092 1093 1094 1095 1115 1124 1125 1143 1146 1147 1152 1156
[316] 1157 1158 1159 1160 1161 1165 1166 1195 1196 1203 1210 1211 1235 1236 1237
[331] 1238 1239 1240 1241 1242 1243 1244 1245 1248 1260 1261 1262 1263 1285 1346
[346] 1381 1382 1383 1384
