Initial Metadata Matrix Size: Rows 654  Columns 9
Initial Data Matrix Size: Rows 654  Columns 217

Initial Data Count: 217
Initial Metadata Count: 9
Data Count after preprocess: 217
Removed for missing metadata: 0
Removed for missing data: 51
Number of data with outliers: 43
Number of metadata with outliers: 0
Metadata count which survived clean: 9
Data count which survived clean: 82

Boostings: 82
Boosting Errors: 0
LMs with no terms suriving boosting: 0
LMs performed: 82
No custom preprocess QC data.

#Details###########################

Initial Data Count: 
  [1]  10  11  12  13  14  15  16  17  18  19  20  21  22  23  24  25  26
 [18]  27  28  29  30  31  32  33  34  35  36  37  38  39  40  41  42  43
 [35]  44  45  46  47  48  49  50  51  52  53  54  55  56  57  58  59  60
 [52]  61  62  63  64  65  66  67  68  69  70  71  72  73  74  75  76  77
 [69]  78  79  80  81  82  83  84  85  86  87  88  89  90  91  92  93  94
 [86]  95  96  97  98  99 100 101 102 103 104 105 106 107 108 109 110 111
[103] 112 113 114 115 116 117 118 119 120 121 122 123 124 125 126 127 128
[120] 129 130 131 132 133 134 135 136 137 138 139 140 141 142 143 144 145
[137] 146 147 148 149 150 151 152 153 154 155 156 157 158 159 160 161 162
[154] 163 164 165 166 167 168 169 170 171 172 173 174 175 176 177 178 179
[171] 180 181 182 183 184 185 186 187 188 189 190 191 192 193 194 195 196
[188] 197 198 199 200 201 202 203 204 205 206 207 208 209 210 211 212 213
[205] 214 215 216 217 218 219 220 221 222 223 224 225 226

Initial Metadata Count: 
[1] 1 2 3 4 5 6 7 8 9

Data Count after preprocess: 
  [1]  10  11  12  13  14  15  16  17  18  19  20  21  22  23  24  25  26
 [18]  27  28  29  30  31  32  33  34  35  36  37  38  39  40  41  42  43
 [35]  44  45  46  47  48  49  50  51  52  53  54  55  56  57  58  59  60
 [52]  61  62  63  64  65  66  67  68  69  70  71  72  73  74  75  76  77
 [69]  78  79  80  81  82  83  84  85  86  87  88  89  90  91  92  93  94
 [86]  95  96  97  98  99 100 101 102 103 104 105 106 107 108 109 110 111
[103] 112 113 114 115 116 117 118 119 120 121 122 123 124 125 126 127 128
[120] 129 130 131 132 133 134 135 136 137 138 139 140 141 142 143 144 145
[137] 146 147 148 149 150 151 152 153 154 155 156 157 158 159 160 161 162
[154] 163 164 165 166 167 168 169 170 171 172 173 174 175 176 177 178 179
[171] 180 181 182 183 184 185 186 187 188 189 190 191 192 193 194 195 196
[188] 197 198 199 200 201 202 203 204 205 206 207 208 209 210 211 212 213
[205] 214 215 216 217 218 219 220 221 222 223 224 225 226

Removed for missing metadata: 
NULL

Removed for missing data: 
 [1]  20  39  42  50  65  73  78  79  80  82  99 101 102 103 107 108 109
[18] 112 114 115 116 117 127 131 132 144 157 173 178 180 183 186 187 194
[35] 197 198 201 202 207 209 210 211 212 219 220 221 222 223 224 225 226

Detailed outlier indices: 
Feature 10 Outlier indice(s): 281,367,381,391
Feature 11 Outlier indice(s): 281,398
Feature 15 Outlier indice(s): 174,281,333,353,362,395,422,520,612
Feature 23 Outlier indice(s): 174,281,371
Feature 24 Outlier indice(s): 281,371
Feature 26 Outlier indice(s): 60,262,281,509,583,610,642
Feature 43 Outlier indice(s): 266,333,365,368,385,393,398,506,511,635
Feature 45 Outlier indice(s): 14,60,281,286,335,411,610
Feature 46 Outlier indice(s): 60,257
Feature 47 Outlier indice(s): 60,257
Feature 48 Outlier indice(s): 60,147,161,174,240,258,281,286,332,333,338,342,343,349,350,353,358,362,368,375,386,388,389,397,422,450,464,471,503,509,515,520,555,610,612,614,624,638,641
Feature 54 Outlier indice(s): 422,634
Feature 56 Outlier indice(s): 240,504
Feature 83 Outlier indice(s): 38,89,92,93,128,134,179,197,251,263,266,267,331,337,351,379,382,385,393,401,419,431,487,497,499,510,518,519,524,527,534,539,542,553,569,571,579,587,588,594,604,608,614,620,635,636,639,640,642,643,644,653,654
Feature 85 Outlier indice(s): 610
Feature 88 Outlier indice(s): 509
Feature 98 Outlier indice(s): 1,7,19,45,56,66,70,88,90,93,95,104,105,115,127,147,148,152,154,166,211,263,268,269,281,299,336,338,339,352,353,357,359,361,368,387,401,405,418,441,442,450,455,456,471,479,495,499,507,510,514,515,518,519,520,534,543,544,545,553,559,563,573,587,604,605,611,618,621,622,625,632,641
Feature 106 Outlier indice(s): 509
Feature 111 Outlier indice(s): 265,281,306
Feature 113 Outlier indice(s): 68,93,106,127,128,147,155,161,166,174,239,251,252,258,333,334,338,342,346,349,350,356,362,364,366,368,371,375,378,386,389,395,414,418,440,464,465,494,519,520,542,576,586,601,612,618,624,638,641,643
Feature 118 Outlier indice(s): 265,281,306
Feature 128 Outlier indice(s): 60,265,281,422,509,610,614
Feature 134 Outlier indice(s): 378
Feature 138 Outlier indice(s): 95,392
Feature 149 Outlier indice(s): 240,281,504
Feature 150 Outlier indice(s): 23,37,38,45,60,61,78,82,89,90,91,92,93,115,128,154,165,167,168,179,181,185,211,251,262,263,267,286,308,331,335,337,364,379,382,390,398,401,408,409,411,419,421,441,445,453,480,487,490,499,506,510,518,519,524,527,531,534,537,539,542,544,553,563,569,571,573,574,579,586,587,588,592,594,604,608,609,610,620,635,636,640,643
Feature 151 Outlier indice(s): 23,37,38,45,48,60,61,78,82,89,90,91,92,93,115,128,154,165,167,168,179,181,185,211,239,251,262,263,267,284,286,308,331,335,337,379,382,390,398,401,408,409,419,421,441,445,453,473,480,487,490,499,510,518,519,524,527,531,534,537,539,542,553,557,563,569,571,573,574,586,587,588,592,594,602,604,608,610,620,635,636,640,643
Feature 152 Outlier indice(s): 60,262,286,422,431,509,610,614
Feature 153 Outlier indice(s): 12,23,38,45,60,61,78,89,92,93,98,115,128,134,179,181,195,197,211,251,256,257,262,263,266,267,278,284,286,329,330,331,335,337,348,351,377,379,380,382,383,385,390,393,398,401,408,421,422,431,441,445,487,497,499,500,504,509,510,518,519,524,527,534,537,539,542,550,553,563,566,568,569,570,571,573,579,583,587,588,594,604,608,610,614,620,624,633,635,636,639,640,642,643,644,647,653
Feature 155 Outlier indice(s): 60,262,286,335,380,422,473,509,568,583,610,614,642
Feature 159 Outlier indice(s): 335
Feature 166 Outlier indice(s): 353,503,515,641
Feature 167 Outlier indice(s): 60,375
Feature 168 Outlier indice(s): 60,262,286,422,473,509,568,583,610,614
Feature 172 Outlier indice(s): 38,46,60,62,67,92,93,128,134,172,197,263,267,286,306,329,335,348,382,390,392,401,422,473,487,497,499,500,510,518,519,524,534,539,542,566,568,569,570,571,587,594,604,610,614,620,644
Feature 177 Outlier indice(s): 12,23,37,38,45,58,61,72,78,82,89,92,93,94,98,102,115,128,153,154,179,181,195,197,211,212,239,251,257,263,266,267,278,282,337,351,377,379,382,385,398,401,404,408,409,416,421,431,441,445,453,456,457,469,486,487,490,497,499,510,518,519,524,527,531,534,537,542,544,550,553,563,569,571,573,579,584,587,588,592,594,604,608,614,616,620,633,635,636,640,643,647,648,649,650,651,652,653,654
Feature 181 Outlier indice(s): 4,182
Feature 189 Outlier indice(s): 60
Feature 195 Outlier indice(s): 380
Feature 196 Outlier indice(s): 45,60,67,89,91,92,93,128,195,251,263,267,286,373,382,383,393,398,401,404,487,499,510,518,519,527,534,542,553,569,571,579,587,588,604,614,620,635,640,642,643,645,653
Feature 203 Outlier indice(s): 351
Feature 204 Outlier indice(s): 12,23,37,38,45,61,78,89,92,93,98,115,128,134,143,168,179,195,211,251,257,262,263,267,278,282,284,286,329,331,335,382,385,392,393,398,401,404,408,409,419,422,441,453,473,487,499,509,510,518,519,524,527,534,537,539,542,550,553,563,569,570,571,573,579,584,587,588,592,594,604,610,614,620,635,636,640,642,643,652
Feature 215 Outlier indice(s): 60,281,286,391,398,606,610

Metadata which survived clean: 
[1] 1 2 3 4 5 6 7 8 9

Data which survived clean: 
 [1]  10  11  12  13  14  15  16  17  18  19  22  23  24  25  26  27  28
[18]  29  36  43  45  46  47  48  49  54  55  56  71  81  83  84  85  87
[35]  88  89  90  91  96  98 100 105 106 111 113 118 128 134 135 136 137
[52] 138 146 147 149 150 151 152 153 155 156 158 159 160 162 166 167 168
[69] 172 176 177 181 182 184 185 189 195 196 203 204 214 215
