Initial Metadata Matrix Size: Rows 518  Columns 10
Initial Data Matrix Size: Rows 518  Columns 290

Initial Data Count: 290
Initial Metadata Count: 10
Data Count after preprocess: 290
Removed for missing metadata: 0
Removed for missing data: 7
Number of data with outliers: 70
Number of metadata with outliers: 0
Metadata count which survived clean: 10
Data count which survived clean: 119

Boostings: 119
Boosting Errors: 0
LMs with no terms suriving boosting: 0
LMs performed: 119
No custom preprocess QC data.

#Details###########################

Initial Data Count: 
  [1]  11  12  13  14  15  16  17  18  19  20  21  22  23  24  25  26  27  28  29  30
 [21]  31  32  33  34  35  36  37  38  39  40  41  42  43  44  45  46  47  48  49  50
 [41]  51  52  53  54  55  56  57  58  59  60  61  62  63  64  65  66  67  68  69  70
 [61]  71  72  73  74  75  76  77  78  79  80  81  82  83  84  85  86  87  88  89  90
 [81]  91  92  93  94  95  96  97  98  99 100 101 102 103 104 105 106 107 108 109 110
[101] 111 112 113 114 115 116 117 118 119 120 121 122 123 124 125 126 127 128 129 130
[121] 131 132 133 134 135 136 137 138 139 140 141 142 143 144 145 146 147 148 149 150
[141] 151 152 153 154 155 156 157 158 159 160 161 162 163 164 165 166 167 168 169 170
[161] 171 172 173 174 175 176 177 178 179 180 181 182 183 184 185 186 187 188 189 190
[181] 191 192 193 194 195 196 197 198 199 200 201 202 203 204 205 206 207 208 209 210
[201] 211 212 213 214 215 216 217 218 219 220 221 222 223 224 225 226 227 228 229 230
[221] 231 232 233 234 235 236 237 238 239 240 241 242 243 244 245 246 247 248 249 250
[241] 251 252 253 254 255 256 257 258 259 260 261 262 263 264 265 266 267 268 269 270
[261] 271 272 273 274 275 276 277 278 279 280 281 282 283 284 285 286 287 288 289 290
[281] 291 292 293 294 295 296 297 298 299 300

Initial Metadata Count: 
 [1]  1  2  3  4  5  6  7  8  9 10

Data Count after preprocess: 
  [1]  11  12  13  14  15  16  17  18  19  20  21  22  23  24  25  26  27  28  29  30
 [21]  31  32  33  34  35  36  37  38  39  40  41  42  43  44  45  46  47  48  49  50
 [41]  51  52  53  54  55  56  57  58  59  60  61  62  63  64  65  66  67  68  69  70
 [61]  71  72  73  74  75  76  77  78  79  80  81  82  83  84  85  86  87  88  89  90
 [81]  91  92  93  94  95  96  97  98  99 100 101 102 103 104 105 106 107 108 109 110
[101] 111 112 113 114 115 116 117 118 119 120 121 122 123 124 125 126 127 128 129 130
[121] 131 132 133 134 135 136 137 138 139 140 141 142 143 144 145 146 147 148 149 150
[141] 151 152 153 154 155 156 157 158 159 160 161 162 163 164 165 166 167 168 169 170
[161] 171 172 173 174 175 176 177 178 179 180 181 182 183 184 185 186 187 188 189 190
[181] 191 192 193 194 195 196 197 198 199 200 201 202 203 204 205 206 207 208 209 210
[201] 211 212 213 214 215 216 217 218 219 220 221 222 223 224 225 226 227 228 229 230
[221] 231 232 233 234 235 236 237 238 239 240 241 242 243 244 245 246 247 248 249 250
[241] 251 252 253 254 255 256 257 258 259 260 261 262 263 264 265 266 267 268 269 270
[261] 271 272 273 274 275 276 277 278 279 280 281 282 283 284 285 286 287 288 289 290
[281] 291 292 293 294 295 296 297 298 299 300

Removed for missing metadata: 
NULL

Removed for missing data: 
[1]  78 122 123 213 240 284 290

Detailed outlier indices: 
Feature 12 Outlier indice(s): 325,510
Feature 14 Outlier indice(s): 19,58,71,94,130,194,215,282,293,309,320,406,451,458,488
Feature 17 Outlier indice(s): 215
Feature 18 Outlier indice(s): 144,496
Feature 21 Outlier indice(s): 67,69,71,156,215,268,273,274,309,315,325,370,425,465,491
Feature 25 Outlier indice(s): 287,296
Feature 30 Outlier indice(s): 214,312
Feature 42 Outlier indice(s): 296
Feature 48 Outlier indice(s): 194,318,410,448
Feature 53 Outlier indice(s): 8,312,338,488
Feature 58 Outlier indice(s): 215,274,296,315,321,325,352,425,448,490,510,514
Feature 64 Outlier indice(s): 129,139,270,283,296,298,316,323,421
Feature 65 Outlier indice(s): 71,330,387
Feature 67 Outlier indice(s): 129,139,194,270,274,283,284,287,296,298,309,316,318,323,410,421
Feature 77 Outlier indice(s): 282,410,518
Feature 83 Outlier indice(s): 105,119,128,130,136,147,157,164,169,202,215,225,228,294,297,308,317,320,322,325,351,406,468,469,475,476,486,488,490,492,514,518
Feature 84 Outlier indice(s): 194,284,410,448
Feature 85 Outlier indice(s): 325,409,419,493
Feature 87 Outlier indice(s): 22,78,122,156,187,293,305,317,321,425,447,465,467,472,474,487,490,496,514
Feature 102 Outlier indice(s): 51,116,295,448
Feature 106 Outlier indice(s): 215,325,425,490,514
Feature 107 Outlier indice(s): 315,321,325,490
Feature 108 Outlier indice(s): 4,7,13,14,17,19,20,21,22,29,39,56,60,68,78,81,83,101,102,111,131,146,160,163,171,172,173,179,180,181,182,184,186,187,199,205,218,221,233,234,239,242,244,248,249,253,255,333,334,335,337,340,346,347,348,353,355,361,370,371,379,391,395,399,400,404,446,479
Feature 114 Outlier indice(s): 106,129,133,139,281,296,323,324,338,421,467,488,512
Feature 125 Outlier indice(s): 518
Feature 134 Outlier indice(s): 51,115,129,139,156,270,277,296,298,316,321,323,325,381,409,419,421,484,490,493,501,510,514,515
Feature 144 Outlier indice(s): 490
Feature 145 Outlier indice(s): 51
Feature 147 Outlier indice(s): 194,284,318,410
Feature 148 Outlier indice(s): 21
Feature 149 Outlier indice(s): 214,387
Feature 150 Outlier indice(s): 270,296
Feature 156 Outlier indice(s): 139,194,284,287,410
Feature 162 Outlier indice(s): 68,105,116,129,133,139,204,209,212,214,217,265,266,268,269,270,272,274,277,278,281,283,284,287,288,290,292,293,296,299,300,302,309,311,315,316,317,321,324,360,368,374,380,381,389,405,409,412,413,414,415,419,438,448,451,489,490,491,493,502,508,510,512,515,516
Feature 166 Outlier indice(s): 67,71,113,194,284,296,299,410,421
Feature 167 Outlier indice(s): 194,410,448
Feature 171 Outlier indice(s): 71,113,129,194,270,290,296,309,410,471
Feature 174 Outlier indice(s): 71,129,139,215,296,309,315,316,323,325,352,421,425,471,490,510,514
Feature 175 Outlier indice(s): 36,105,138,140,204,265,269,271,272,275,288,297,310,312,313,326,336,406,408,451,455,458,488
Feature 176 Outlier indice(s): 51,68,71,116,272,295,418,438
Feature 179 Outlier indice(s): 301,510
Feature 180 Outlier indice(s): 71,129,139,271,298,301,310,316,320,323,406,421,508
Feature 184 Outlier indice(s): 67,69,139,156,215,285,311,314,315,321,323,325,352,425,448,465,472,490,491,510,514,516
Feature 193 Outlier indice(s): 1,2,6,16,18,40,42,61,62,86,88,91,93,95,102,224,241,250,252,256,338,341,350,394,503,505,516
Feature 200 Outlier indice(s): 274,278,302,324,448
Feature 201 Outlier indice(s): 69,156,232,281,312,321,343,360,425,465,490,491,514
Feature 205 Outlier indice(s): 448,488
Feature 208 Outlier indice(s): 129,139,270,290,296,298,316,323,380,410,421,484,493,501
Feature 211 Outlier indice(s): 510
Feature 223 Outlier indice(s): 35,51,52,68,71,74,114,116,123,133,145,181,209,213,215,230,241,272,274,275,277,278,281,283,292,294,295,298,299,302,316,321,329,352,360,374,387,405,412,418,425,434,438,453,454,457,459,460,465,471,487,489,491,493,497,500,510,513,515,517
Feature 228 Outlier indice(s): 194,284,387,410,510
Feature 232 Outlier indice(s): 30,35,51,54,68,71,74,116,185,204,217,241,268,272,275,286,287,294,295,302,312,316,317,374,387,405,418,419,434,438,451,454,459,474,487,489,493,497,499,500,502
Feature 235 Outlier indice(s): 51,116
Feature 236 Outlier indice(s): 21,51,287
Feature 246 Outlier indice(s): 139,296,316,323,421
Feature 247 Outlier indice(s): 330
Feature 253 Outlier indice(s): 29,52,196,242,406,448,467
Feature 254 Outlier indice(s): 194,284,410
Feature 260 Outlier indice(s): 338
Feature 264 Outlier indice(s): 20,60,78,83,116,172,179,187,209,233,244,270,278,302,311,316,335,399
Feature 266 Outlier indice(s): 325,514
Feature 269 Outlier indice(s): 23,94,315,352
Feature 270 Outlier indice(s): 476
Feature 277 Outlier indice(s): 261,292,381,409,419,493,515
Feature 278 Outlier indice(s): 296,315,321,325,352,490,514
Feature 288 Outlier indice(s): 122,144,215,296,315,321,325,352,425,474,490,496,510,514,516
Feature 289 Outlier indice(s): 21,71,214,215,296,312
Feature 291 Outlier indice(s): 71,215,315,321,325,352,425,448,465,472,490,491,510,514
Feature 293 Outlier indice(s): 77,122,317,345,496,499
Feature 298 Outlier indice(s): 13,58,67,69,143,156,213,232,268,273,281,315,325,329,412,425,465,472,513,514,516

Metadata which survived clean: 
 [1]  1  2  3  4  5  6  7  8  9 10

Data which survived clean: 
  [1]  12  13  14  17  18  19  21  25  29  30  31  32  33  34  36  39  42  48  49  51
 [21]  53  58  64  65  66  67  68  73  75  77  83  84  85  87  94  95  96  97  99 102
 [41] 106 107 108 114 115 125 129 130 134 135 143 144 145 147 148 149 150 151 155 156
 [61] 157 158 162 165 166 167 171 172 173 174 175 176 179 180 184 187 189 193 198 200
 [81] 201 202 205 206 208 210 211 212 216 223 228 232 233 235 236 239 241 243 246 247
[101] 253 254 256 259 260 263 264 266 269 270 271 277 278 288 289 291 293 297 298
